4075	0.04087634798175697
12783	0.034056519329951844
132	0.021258684625548786
10587	0.01724137931034483
4046	0.01711350752312348
4103	0.016900387877754577
9436	0.01666595626784877
7017	0.013149482119261754
9470	0.012595371041302587
9303	0.012584715059034137
6578	0.012414219342739018
4694	0.011710924513021616
943	0.011678956566216274
1978	0.010368270747197471
8190	0.009760879757896085
125	0.009728911811090748
1116	0.009728911811090748
1894	0.009323984484889818
2310	0.008396914027535058
2671	0.00826904224031371
10307	0.008258386258045265
4127	0.007064916243979367
120	0.006894420527684243
4722	0.006883764545415794
2346	0.006830484634073572
941	0.006681300882315331
8031	0.006681300882315331
4171	0.006681300882315331
7903	0.0063616214142619655
4124	0.006276373556114405
9774	0.006212437662503732
12247	0.00619112569796684
1735	0.0061698137334299475
10294	0.005839478283108137
4062	0.005839478283108137
137	0.005509142832786324
942	0.005381271045564981
2531	0.005210775329269853
4609	0.005136183453390736
3490	0.005072247559780061
4134	0.00497634371936405
8832	0.004763224073995141
4037	0.004635352286773794
455	0.004592728357700014
7418	0.00455010442862623
1410	0.00455010442862623
3130	0.004507480499552449
10927	0.004443544605941775
3974	0.0044328886236733285
1139	0.004358296747794212
362	0.004262392907378203
5542	0.0041451771024253025
1899	0.004091897191083073
1610	0.003910745492519501
3390	0.0038681215634457193
9475	0.003846809598908828
35	0.0038148416521034895
1950	0.0038041856698350467
11877	0.0036869698648821455
11021	0.003655001918076809
131	0.003633689953539917
9437	0.003623033971271472
7886	0.0035058181663185704
4113	0.003441882272707897
2158	0.003441882272707897
4487	0.0034205703081710086
2873	0.0034099143259025627
12473	0.00338860236136567
1062	0.003356634414560333
2243	0.0032926985209496616
9501	0.003271386556412771
4050	0.003068922893312305
4020	0.003047610928775416
4488	0.003015642981970077
4117	0.002951707088359404
19	0.0029090831592856223
2633	0.00286645923021184
8839	0.0028558032479433964
1054	0.002845147265674949
7693	0.0028131793188696146
2686	0.002781211372064277
10482	0.0027492434252589393
4004	0.0027279314607220506
12028	0.0027172754784536043
1301	0.0027066194961851576
938	0.0026746515493798226
4739	0.002663995567111377
3880	0.00263202762030604
7998	0.002621371638037595
1069	0.0024828438685478033
1674	0.0024295639572055753
4077	0.0024295639572055753
7683	0.0024189079749371294
507	0.002323004134521119
4036	0.002312348152252674
4729	0.002301692169984229
7702	0.002291036187715784
2672	0.0022803802054473386
4035	0.002259068240910448
1603	0.0022164443118366643
4101	0.0021844763650313284
7758	0.0021844763650313284
11500	0.0021631644004944384
849	0.0021418524359575457
9254	0.0021418524359575457
1065	0.0021205404714206566
4095	0.0020779165423468727
1657	0.0020672605600784277
4109	0.002045948595541538
9027	0.002045948595541538
3948	0.0020246366310046455
1652	0.002003324666467754
8372	0.0019713567196624187
7995	0.0019713567196624187
4728	0.0019287327905886365
945	0.0019074208260517445
5631	0.001886108861514855
11158	0.0018647968969779636
10254	0.0018221729679041814
5332	0.001811516985635736
10293	0.001811516985635736
9474	0.001768893056561954
4108	0.001768893056561954
4733	0.001768893056561954
4059	0.001747581092025063
83	0.001747581092025063
1517	0.001726269127488172
1408	0.001715613145219726
9417	0.0017049571629512814
1406	0.0017049571629512814
423	0.0016943011806828346
4063	0.0016303652870721613
3840	0.0016197093048037165
3977	0.0015983973402668263
4129	0.0015983973402668263
5939	0.0015877413579983798
6896	0.0015664293934614896
1653	0.001545117428924599
1608	0.001545117428924599
398	0.0015344614466561524
3682	0.0015238054643877076
238	0.0015131494821192615
6692	0.001502493499850816
4039	0.001502493499850816
1063	0.0014918375175823708
853	0.0014811815353139256
4031	0.0014811815353139256
3975	0.00147052555304548
4673	0.00147052555304548
2040	0.001459869570777034
4014	0.001459869570777034
3014	0.0014385576062401432
4044	0.0014279016239716982
505	0.0014279016239716982
937	0.0013959336771663614
6004	0.0013852776948979162
1366	0.0013852776948979162
1715	0.0013639657303610253
10625	0.0013639657303610253
2512	0.0013533097480925797
7207	0.0013533097480925797
1446	0.0013533097480925797
1404	0.0013426537658241331
852	0.0013319977835556881
6709	0.0013213418012872425
5841	0.0013000298367503514
86	0.0013000298367503514
4072	0.001289373854481906
1361	0.001289373854481906
6884	0.001289373854481906
5081	0.0012787178722134614
1736	0.001268061889945015
12277	0.0012574059076765696
3038	0.001246749925408124
12287	0.001246749925408124
6114	0.0012254379608712329
4104	0.0012254379608712329
4285	0.0012147819786027874
3955	0.0012147819786027874
301	0.0012147819786027874
3207	0.001204125996334342
12697	0.001204125996334342
6061	0.0011934700140658967
1201	0.0011934700140658967
4976	0.0011934700140658967
1786	0.0011828140317974515
12441	0.0011721580495290056
4755	0.0011721580495290056
8427	0.0011721580495290056
944	0.0011615020672605604
4032	0.0011508460849921145
4026	0.0011508460849921145
5845	0.0011508460849921145
5130	0.0011295341204552239
3865	0.0011188781381867782
4017	0.0011188781381867782
9	0.001108222155918333
11165	0.001108222155918333
1393	0.0010975661736498867
4576	0.0010975661736498867
126	0.0010869101913814417
3631	0.0010869101913814417
646	0.0010762542091129958
2353	0.0010655982268445506
854	0.0010549422445761045
4078	0.0010442862623076595
6696	0.0010442862623076595
10603	0.0010442862623076595
7918	0.0010442862623076595
11161	0.0010336302800392136
8803	0.001022974297770769
5553	0.001022974297770769
1893	0.001022974297770769
12491	0.0010123183155023227
773	0.0010123183155023227
7619	0.001001662333233877
12684	0.001001662333233877
4098	0.001001662333233877
11732	0.0009803503686969862
9472	0.0009696943864285412
3979	0.0009696943864285412
988	0.0009590384041600952
8836	0.0009483824218916504
1602	0.0009377264396232044
12622	0.0009270704573547587
3973	0.0009270704573547587
1403	0.0009270704573547587
4709	0.0009270704573547587
855	0.0009164144750863137
3824	0.0009164144750863137
2179	0.0009164144750863137
3932	0.0009057584928178679
12570	0.0009057584928178679
4019	0.000884446528280977
1828	0.0008737905460125314
2869	0.0008737905460125314
754	0.0008737905460125314
10690	0.0008737905460125314
3992	0.000863134563744086
10848	0.0008524785814756405
4357	0.0008524785814756405
2842	0.0008524785814756405
1389	0.0008418225992071946
8126	0.0008418225992071946
10520	0.0008418225992071946
677	0.0008418225992071946
4008	0.0008311666169387492
3188	0.0008311666169387492
10096	0.0008311666169387492
12229	0.0008311666169387492
4723	0.0008311666169387492
7229	0.0008205106346703039
1627	0.0008205106346703039
2245	0.000799198670133413
7415	0.0007885426878649675
9462	0.0007885426878649675
4055	0.0007885426878649675
1643	0.0007885426878649675
11762	0.0007885426878649675
9473	0.0007778867055965222
8740	0.0007778867055965222
876	0.0007672307233280762
5267	0.0007672307233280762
11496	0.0007672307233280762
142	0.0007565747410596306
3784	0.0007565747410596306
4048	0.0007565747410596306
150	0.0007565747410596306
10708	0.0007459187587911854
4079	0.0007459187587911854
4686	0.0007352627765227398
12579	0.0007352627765227398
3843	0.0007352627765227398
902	0.0007246067942542943
7088	0.0007139508119858491
12455	0.0007139508119858491
4029	0.000692638847448958
6077	0.000692638847448958
2790	0.000692638847448958
10707	0.0006713268829120666
1288	0.0006713268829120666
354	0.0006713268829120666
4040	0.0006606709006436212
12087	0.0006500149183751757
1518	0.0006500149183751757
8119	0.0006500149183751757
939	0.0006393589361067305
1271	0.0006393589361067305
4986	0.0006393589361067305
11022	0.0006393589361067305
11163	0.0006287029538382848
1060	0.0006287029538382848
7497	0.0006287029538382848
11403	0.0006180469715698395
8036	0.0006180469715698395
7916	0.0006180469715698395
1091	0.0006180469715698395
2114	0.0006180469715698395
9555	0.0006073909893013937
1604	0.0006073909893013937
7434	0.0006073909893013937
3755	0.0006073909893013937
4766	0.0006073909893013937
2736	0.0006073909893013937
4695	0.0005967350070329484
3976	0.0005967350070329484
2062	0.0005967350070329484
1569	0.0005967350070329484
4111	0.0005860790247645027
2011	0.0005860790247645027
9193	0.0005860790247645027
8512	0.0005860790247645027
7539	0.0005860790247645027
11112	0.0005860790247645027
7604	0.0005860790247645027
3487	0.0005754230424960572
4697	0.0005754230424960572
3783	0.0005754230424960572
6160	0.0005647670602276119
12238	0.0005647670602276119
2174	0.0005647670602276119
2265	0.0005647670602276119
8798	0.0005647670602276119
2005	0.0005541110779591665
4099	0.0005541110779591665
7083	0.0005541110779591665
1401	0.0005434550956907208
10168	0.0005434550956907208
2220	0.0005434550956907208
5871	0.0005434550956907208
5577	0.0005327991134222753
3990	0.0005327991134222753
11974	0.0005327991134222753
2135	0.0005327991134222753
7688	0.0005327991134222753
2887	0.0005221431311538297
2955	0.0005114871488853844
4105	0.0005114871488853844
4205	0.0005114871488853844
8160	0.0005114871488853844
1392	0.000500831166616939
114	0.000500831166616939
5234	0.0004901751843484931
755	0.0004901751843484931
12219	0.00047951920208004793
3671	0.00047951920208004793
3816	0.0004688632198116022
770	0.0004688632198116022
4587	0.0004582072375431567
6975	0.0004582072375431567
1374	0.0004582072375431567
6229	0.0004582072375431567
2161	0.00044755125527471133
7608	0.0004368952730062656
4133	0.0004368952730062656
6499	0.0004368952730062656
1003	0.00042623929073782024
5613	0.00042623929073782024
1008	0.00042623929073782024
1619	0.00042623929073782024
9559	0.00042623929073782024
307	0.00042623929073782024
2026	0.0004155833084693746
33	0.0004155833084693746
6068	0.0004155833084693746
3037	0.0004155833084693746
8833	0.0004155833084693746
12908	0.0004049273262009291
4022	0.0004049273262009291
5870	0.0004049273262009291
5018	0.0004049273262009291
11418	0.0004049273262009291
6248	0.0004049273262009291
1179	0.0004049273262009291
4027	0.0003942713439324837
6673	0.0003942713439324837
4060	0.0003942713439324837
4045	0.0003836153616640381
4693	0.0003836153616640381
6073	0.0003836153616640381
12103	0.0003836153616640381
4052	0.0003836153616640381
4736	0.0003836153616640381
2175	0.0003836153616640381
2206	0.0003836153616640381
4069	0.0003836153616640381
90	0.0003836153616640381
1159	0.0003836153616640381
7206	0.0003836153616640381
11825	0.00037295937939559265
5948	0.00037295937939559265
4938	0.00037295937939559265
6330	0.00037295937939559265
7482	0.00036230339712714716
4047	0.00036230339712714716
912	0.00036230339712714716
11080	0.00036230339712714716
582	0.00036230339712714716
4428	0.0003516474148587017
5350	0.0003516474148587017
3984	0.0003516474148587017
1656	0.0003516474148587017
7898	0.0003516474148587017
11843	0.0003516474148587017
8522	0.0003516474148587017
12133	0.0003409914325902562
9573	0.0003409914325902562
10618	0.0003409914325902562
2205	0.0003409914325902562
9952	0.0003303354503218109
2313	0.0003303354503218109
10210	0.0003303354503218109
4064	0.00031967946805336523
4085	0.00031967946805336523
4738	0.00031967946805336523
3988	0.00031967946805336523
2811	0.00031967946805336523
2392	0.00030902348578491974
4492	0.00030902348578491974
11770	0.00030902348578491974
10034	0.00030902348578491974
4726	0.00030902348578491974
9476	0.00030902348578491974
9158	0.00029836750351647413
1438	0.00029836750351647413
11689	0.00029836750351647413
3701	0.00029836750351647413
289	0.00029836750351647413
708	0.00029836750351647413
12278	0.00029836750351647413
1164	0.00029836750351647413
12091	0.00029836750351647413
180	0.00029836750351647413
12039	0.00029836750351647413
2210	0.00028771152124802853
6333	0.00028771152124802853
4131	0.00028771152124802853
7040	0.00028771152124802853
22	0.00028771152124802853
11471	0.00028771152124802853
4762	0.00028771152124802853
7214	0.00028771152124802853
5027	0.00028771152124802853
2461	0.0002770555389795829
9471	0.0002770555389795829
6089	0.0002770555389795829
11375	0.0002770555389795829
4116	0.0002770555389795829
1066	0.0002770555389795829
1117	0.0002770555389795829
7625	0.0002770555389795829
11540	0.0002770555389795829
7735	0.0002770555389795829
9159	0.0002663995567111376
2307	0.0002663995567111376
4028	0.0002663995567111376
5009	0.0002663995567111376
10479	0.0002663995567111376
4024	0.0002663995567111376
7558	0.0002663995567111376
8972	0.0002663995567111376
11108	0.0002663995567111376
985	0.000255743574442692
4139	0.000255743574442692
2858	0.000255743574442692
8975	0.000255743574442692
4110	0.000255743574442692
5412	0.000255743574442692
8322	0.000255743574442692
4696	0.000255743574442692
1692	0.000255743574442692
1476	0.000255743574442692
1279	0.000255743574442692
2246	0.00024508759217424655
3461	0.00024508759217424655
68	0.00024508759217424655
10640	0.00024508759217424655
804	0.00024508759217424655
4010	0.00024508759217424655
877	0.00024508759217424655
1129	0.00024508759217424655
9477	0.00023443160990580108
6876	0.00023443160990580108
667	0.00023443160990580108
2110	0.00023443160990580108
431	0.00023443160990580108
739	0.00023443160990580108
1007	0.00023443160990580108
1704	0.00023443160990580108
6090	0.00023443160990580108
1267	0.00022377562763735545
710	0.00022377562763735545
5261	0.00022377562763735545
920	0.00022377562763735545
145	0.00022377562763735545
2183	0.00022377562763735545
2232	0.00022377562763735545
1967	0.00022377562763735545
151	0.00022377562763735545
11783	0.00022377562763735545
11586	0.00022377562763735545
11774	0.0002131196453689103
5382	0.0002131196453689103
7486	0.0002131196453689103
1790	0.0002131196453689103
747	0.0002131196453689103
9151	0.0002131196453689103
177	0.0002131196453689103
8514	0.0002131196453689103
2019	0.0002131196453689103
4535	0.0002131196453689103
5645	0.0002024636631004645
3133	0.0002024636631004645
12660	0.0002024636631004645
1943	0.0002024636631004645
989	0.0002024636631004645
750	0.0002024636631004645
6098	0.0002024636631004645
100	0.0002024636631004645
5423	0.0002024636631004645
4742	0.0002024636631004645
12580	0.0002024636631004645
12109	0.0002024636631004645
825	0.0002024636631004645
807	0.0002024636631004645
9842	0.0002024636631004645
1566	0.0002024636631004645
7611	0.00019180768083201918
840	0.00019180768083201918
62	0.00019180768083201918
6818	0.00019180768083201918
7937	0.00019180768083201918
31	0.00019180768083201918
10266	0.00019180768083201918
154	0.00019180768083201918
4147	0.00019180768083201918
9218	0.00019180768083201918
10259	0.00019180768083201918
1680	0.00019180768083201918
4308	0.00018115169856357371
9530	0.00018115169856357371
385	0.00018115169856357371
11753	0.00018115169856357371
4717	0.00018115169856357371
4586	0.00018115169856357371
6882	0.00018115169856357371
10455	0.00018115169856357371
5759	0.00018115169856357371
2209	0.00018115169856357371
10437	0.00018115169856357371
8647	0.00018115169856357371
5116	0.00018115169856357371
6027	0.00018115169856357371
7896	0.00018115169856357371
1827	0.00018115169856357371
10009	0.00018115169856357371
11269	0.00018115169856357371
1006	0.00018115169856357371
1440	0.00018115169856357371
3748	0.00017049571629512808
12223	0.00017049571629512808
12193	0.00017049571629512808
3662	0.00017049571629512808
309	0.00017049571629512808
7138	0.00017049571629512808
11724	0.00017049571629512808
3287	0.00017049571629512808
1640	0.00017049571629512808
3757	0.00017049571629512808
5249	0.00017049571629512808
8054	0.00017049571629512808
3150	0.0001598397340266826
7980	0.0001598397340266826
10903	0.0001598397340266826
10490	0.0001598397340266826
6581	0.0001598397340266826
366	0.0001598397340266826
11524	0.0001598397340266826
2678	0.0001598397340266826
10935	0.0001598397340266826
10208	0.0001598397340266826
6794	0.0001598397340266826
4864	0.0001598397340266826
2853	0.0001598397340266826
7606	0.0001598397340266826
7884	0.0001598397340266826
4297	0.0001598397340266826
4001	0.0001598397340266826
5654	0.0001598397340266826
8269	0.00014918375175823707
8375	0.00014918375175823707
8361	0.00014918375175823707
12777	0.00014918375175823707
12531	0.00014918375175823707
1929	0.00014918375175823707
11785	0.00014918375175823707
101	0.00014918375175823707
41	0.00014918375175823707
4097	0.00014918375175823707
3647	0.00014918375175823707
4674	0.00014918375175823707
10644	0.00014918375175823707
5008	0.00014918375175823707
5559	0.00014918375175823707
9889	0.00014918375175823707
12023	0.00014918375175823707
5262	0.00014918375175823707
468	0.00014918375175823707
1058	0.00013852776948979146
6850	0.00013852776948979146
10660	0.00013852776948979146
4070	0.00013852776948979146
11725	0.00013852776948979146
4295	0.00013852776948979146
11706	0.00013852776948979146
4734	0.00013852776948979146
280	0.00013852776948979146
3909	0.00013852776948979146
8656	0.00013852776948979146
5248	0.00013852776948979146
4096	0.00013852776948979146
3183	0.00013852776948979146
3703	0.00013852776948979146
4049	0.00013852776948979146
11020	0.00013852776948979146
1480	0.00013852776948979146
5207	0.00013852776948979146
9332	0.00012787178722134597
4083	0.00012787178722134597
9600	0.00012787178722134597
3485	0.00012787178722134597
4312	0.00012787178722134597
5515	0.00012787178722134597
6677	0.00012787178722134597
1432	0.00012787178722134597
11109	0.00012787178722134597
1095	0.00012787178722134597
10453	0.00012787178722134597
9841	0.00012787178722134597
1002	0.00012787178722134597
4989	0.00012787178722134597
509	0.00012787178722134597
7912	0.00012787178722134597
2399	0.00012787178722134597
9574	0.00012787178722134597
6062	0.00012787178722134597
10913	0.00012787178722134597
10924	0.00012787178722134597
3189	0.00012787178722134597
6976	0.00012787178722134597
29	0.00012787178722134597
4181	0.00012787178722134597
3870	0.00012787178722134597
9781	0.00012787178722134597
4819	0.00012787178722134597
8892	0.00012787178722134597
6022	0.00012787178722134597
8101	0.00011721580495290054
3117	0.00011721580495290054
2367	0.00011721580495290054
7988	0.00011721580495290054
6066	0.00011721580495290054
5146	0.00011721580495290054
6706	0.00011721580495290054
11863	0.00011721580495290054
5478	0.00011721580495290054
4000	0.00011721580495290054
2321	0.00011721580495290054
5557	0.00011721580495290054
10104	0.00011721580495290054
4347	0.00011721580495290054
12283	0.00011721580495290054
5024	0.00011721580495290054
4033	0.00011721580495290054
7014	0.00011721580495290054
5384	0.00011721580495290054
5539	0.00011721580495290054
10766	0.00011721580495290054
4333	0.00011721580495290054
2708	0.00011721580495290054
3138	0.00011721580495290054
4745	0.00011721580495290054
12125	0.00011721580495290054
2890	0.00011721580495290054
2348	0.00011721580495290054
6643	0.00011721580495290054
8733	0.00011721580495290054
11099	0.00011721580495290054
6171	0.00011721580495290054
6617	0.00011721580495290054
4273	0.00011721580495290054
4830	0.00010655982268445514
4701	0.00010655982268445514
6139	0.00010655982268445514
11441	0.00010655982268445514
3995	0.00010655982268445514
7001	0.00010655982268445514
6807	0.00010655982268445514
908	0.00010655982268445514
3978	0.00010655982268445514
599	0.00010655982268445514
3172	0.00010655982268445514
3211	0.00010655982268445514
1622	0.00010655982268445514
2991	0.00010655982268445514
5036	0.00010655982268445514
8035	0.00010655982268445514
4863	0.00010655982268445514
12192	0.00010655982268445514
6063	0.00010655982268445514
2025	0.00010655982268445514
940	0.00010655982268445514
3640	0.00010655982268445514
3643	0.00010655982268445514
12438	0.00010655982268445514
11482	0.00010655982268445514
1413	0.00010655982268445514
1849	0.00010655982268445514
5479	9.590384041600956e-05
10661	9.590384041600956e-05
5034	9.590384041600956e-05
1996	9.590384041600956e-05
111	9.590384041600956e-05
3462	9.590384041600956e-05
7909	9.590384041600956e-05
2957	9.590384041600956e-05
4764	9.590384041600956e-05
7707	9.590384041600956e-05
4491	9.590384041600956e-05
4002	9.590384041600956e-05
2781	9.590384041600956e-05
2160	9.590384041600956e-05
4913	9.590384041600956e-05
833	9.590384041600956e-05
6116	9.590384041600956e-05
102	9.590384041600956e-05
4074	9.590384041600956e-05
12401	9.590384041600956e-05
5506	9.590384041600956e-05
4061	9.590384041600956e-05
2720	9.590384041600956e-05
3964	9.590384041600956e-05
5247	9.590384041600956e-05
8983	9.590384041600956e-05
12489	9.590384041600956e-05
4643	9.590384041600956e-05
5600	9.590384041600956e-05
5100	9.590384041600956e-05
4675	9.590384041600956e-05
39	9.590384041600956e-05
10322	9.590384041600956e-05
4071	8.524785814756404e-05
2024	8.524785814756404e-05
2664	8.524785814756404e-05
12575	8.524785814756404e-05
2643	8.524785814756404e-05
9928	8.524785814756404e-05
4783	8.524785814756404e-05
1494	8.524785814756404e-05
8368	8.524785814756404e-05
1013	8.524785814756404e-05
1039	8.524785814756404e-05
10928	8.524785814756404e-05
815	8.524785814756404e-05
7439	8.524785814756404e-05
2308	8.524785814756404e-05
1637	8.524785814756404e-05
4076	8.524785814756404e-05
7923	8.524785814756404e-05
2985	8.524785814756404e-05
3872	8.524785814756404e-05
9940	8.524785814756404e-05
4844	8.524785814756404e-05
4730	8.524785814756404e-05
1435	8.524785814756404e-05
6314	8.524785814756404e-05
3873	8.524785814756404e-05
3649	8.524785814756404e-05
10969	8.524785814756404e-05
9972	8.524785814756404e-05
12669	8.524785814756404e-05
5418	7.459187587911852e-05
5814	7.459187587911852e-05
4692	7.459187587911852e-05
3761	7.459187587911852e-05
9866	7.459187587911852e-05
2254	7.459187587911852e-05
12944	7.459187587911852e-05
7908	7.459187587911852e-05
1812	7.459187587911852e-05
4431	7.459187587911852e-05
3835	7.459187587911852e-05
5980	7.459187587911852e-05
182	7.459187587911852e-05
1948	7.459187587911852e-05
3993	7.459187587911852e-05
11050	7.459187587911852e-05
1497	7.459187587911852e-05
2415	7.459187587911852e-05
1519	7.459187587911852e-05
9223	7.459187587911852e-05
10164	7.459187587911852e-05
2033	7.459187587911852e-05
10748	7.459187587911852e-05
12210	7.459187587911852e-05
10908	7.459187587911852e-05
6412	7.459187587911852e-05
12076	7.459187587911852e-05
688	7.459187587911852e-05
10170	7.459187587911852e-05
921	7.459187587911852e-05
6583	7.459187587911852e-05
9626	7.459187587911852e-05
1508	7.459187587911852e-05
523	7.459187587911852e-05
2967	7.459187587911852e-05
6133	7.459187587911852e-05
3636	7.459187587911852e-05
4265	7.459187587911852e-05
6625	7.459187587911852e-05
7174	7.459187587911852e-05
2495	7.459187587911852e-05
4711	7.459187587911852e-05
10923	7.459187587911852e-05
4015	7.459187587911852e-05
3644	7.459187587911852e-05
3669	7.459187587911852e-05
1702	7.459187587911852e-05
2173	7.459187587911852e-05
2629	6.393589361067309e-05
1512	6.393589361067309e-05
5982	6.393589361067309e-05
1946	6.393589361067309e-05
9482	6.393589361067309e-05
12305	6.393589361067309e-05
5756	6.393589361067309e-05
11915	6.393589361067309e-05
7760	6.393589361067309e-05
6519	6.393589361067309e-05
10319	6.393589361067309e-05
769	6.393589361067309e-05
4314	6.393589361067309e-05
12505	6.393589361067309e-05
11322	6.393589361067309e-05
5476	6.393589361067309e-05
1009	6.393589361067309e-05
4136	6.393589361067309e-05
146	6.393589361067309e-05
10727	6.393589361067309e-05
2021	6.393589361067309e-05
1443	6.393589361067309e-05
6127	6.393589361067309e-05
11197	6.393589361067309e-05
1681	6.393589361067309e-05
10679	6.393589361067309e-05
4003	6.393589361067309e-05
2211	6.393589361067309e-05
3828	6.393589361067309e-05
7874	6.393589361067309e-05
4699	6.393589361067309e-05
6128	6.393589361067309e-05
3497	6.393589361067309e-05
273	6.393589361067309e-05
1954	6.393589361067309e-05
650	6.393589361067309e-05
2186	6.393589361067309e-05
294	6.393589361067309e-05
1128	6.393589361067309e-05
5488	6.393589361067309e-05
2	6.393589361067309e-05
2739	6.393589361067309e-05
4317	6.393589361067309e-05
10268	6.393589361067309e-05
9570	6.393589361067309e-05
4720	6.393589361067309e-05
1394	6.393589361067309e-05
7663	6.393589361067309e-05
8215	6.393589361067309e-05
5836	6.393589361067309e-05
7556	6.393589361067309e-05
6539	5.327991134222757e-05
2845	5.327991134222757e-05
3869	5.327991134222757e-05
11420	5.327991134222757e-05
4011	5.327991134222757e-05
4016	5.327991134222757e-05
9929	5.327991134222757e-05
4439	5.327991134222757e-05
6253	5.327991134222757e-05
11358	5.327991134222757e-05
3003	5.327991134222757e-05
12768	5.327991134222757e-05
8326	5.327991134222757e-05
200	5.327991134222757e-05
10514	5.327991134222757e-05
12090	5.327991134222757e-05
1886	5.327991134222757e-05
5670	5.327991134222757e-05
3881	5.327991134222757e-05
11941	5.327991134222757e-05
4700	5.327991134222757e-05
4041	5.327991134222757e-05
9837	5.327991134222757e-05
9951	5.327991134222757e-05
8095	5.327991134222757e-05
8830	5.327991134222757e-05
5706	5.327991134222757e-05
7160	5.327991134222757e-05
10166	5.327991134222757e-05
12913	5.327991134222757e-05
3635	5.327991134222757e-05
1088	5.327991134222757e-05
2934	5.327991134222757e-05
2288	5.327991134222757e-05
2639	5.327991134222757e-05
647	5.327991134222757e-05
10932	5.327991134222757e-05
964	5.327991134222757e-05
6195	5.327991134222757e-05
595	5.327991134222757e-05
728	5.327991134222757e-05
7460	5.327991134222757e-05
5705	5.327991134222757e-05
8890	5.327991134222757e-05
8831	5.327991134222757e-05
10970	5.327991134222757e-05
7046	5.327991134222757e-05
3495	5.327991134222757e-05
12769	5.327991134222757e-05
2266	5.327991134222757e-05
8791	5.327991134222757e-05
10198	5.327991134222757e-05
3663	5.327991134222757e-05
6079	5.327991134222757e-05
7487	5.327991134222757e-05
4025	4.2623929073782014e-05
12124	4.2623929073782014e-05
9145	4.2623929073782014e-05
1173	4.2623929073782014e-05
7885	4.2623929073782014e-05
6130	4.2623929073782014e-05
4034	4.2623929073782014e-05
7421	4.2623929073782014e-05
2032	4.2623929073782014e-05
12111	4.2623929073782014e-05
3903	4.2623929073782014e-05
7938	4.2623929073782014e-05
12896	4.2623929073782014e-05
11882	4.2623929073782014e-05
7419	4.2623929073782014e-05
8161	4.2623929073782014e-05
4119	4.2623929073782014e-05
4065	4.2623929073782014e-05
9521	4.2623929073782014e-05
3484	4.2623929073782014e-05
3646	4.2623929073782014e-05
2290	4.2623929073782014e-05
3746	4.2623929073782014e-05
1079	4.2623929073782014e-05
7673	4.2623929073782014e-05
4943	4.2623929073782014e-05
3754	4.2623929073782014e-05
3885	4.2623929073782014e-05
7630	4.2623929073782014e-05
6135	4.2623929073782014e-05
1890	4.2623929073782014e-05
410	4.2623929073782014e-05
6024	4.2623929073782014e-05
8816	4.2623929073782014e-05
3919	4.2623929073782014e-05
10318	4.2623929073782014e-05
10652	4.2623929073782014e-05
12492	4.2623929073782014e-05
5651	4.2623929073782014e-05
5385	4.2623929073782014e-05
4746	4.2623929073782014e-05
749	4.2623929073782014e-05
12001	4.2623929073782014e-05
6125	4.2623929073782014e-05
11890	4.2623929073782014e-05
1229	4.2623929073782014e-05
4087	4.2623929073782014e-05
96	4.2623929073782014e-05
11695	4.2623929073782014e-05
8450	4.2623929073782014e-05
9015	4.2623929073782014e-05
1076	4.2623929073782014e-05
4053	4.2623929073782014e-05
6959	4.2623929073782014e-05
4123	4.2623929073782014e-05
4151	4.2623929073782014e-05
9502	4.2623929073782014e-05
4068	4.2623929073782014e-05
5073	4.2623929073782014e-05
2125	4.2623929073782014e-05
124	4.2623929073782014e-05
6115	4.2623929073782014e-05
4112	4.2623929073782014e-05
734	4.2623929073782014e-05
12827	4.2623929073782014e-05
7759	4.2623929073782014e-05
5784	4.2623929073782014e-05
7632	4.2623929073782014e-05
3916	4.2623929073782014e-05
8393	4.2623929073782014e-05
2682	4.2623929073782014e-05
2816	4.2623929073782014e-05
7039	4.2623929073782014e-05
5544	4.2623929073782014e-05
906	4.2623929073782014e-05
712	4.2623929073782014e-05
1605	4.2623929073782014e-05
4784	3.1967946805336546e-05
9157	3.1967946805336546e-05
699	3.1967946805336546e-05
8729	3.1967946805336546e-05
12105	3.1967946805336546e-05
4616	3.1967946805336546e-05
2166	3.1967946805336546e-05
10099	3.1967946805336546e-05
6463	3.1967946805336546e-05
7895	3.1967946805336546e-05
5329	3.1967946805336546e-05
4137	3.1967946805336546e-05
3986	3.1967946805336546e-05
6283	3.1967946805336546e-05
534	3.1967946805336546e-05
5427	3.1967946805336546e-05
8188	3.1967946805336546e-05
4912	3.1967946805336546e-05
6839	3.1967946805336546e-05
11886	3.1967946805336546e-05
8342	3.1967946805336546e-05
10378	3.1967946805336546e-05
4128	3.1967946805336546e-05
12545	3.1967946805336546e-05
2802	3.1967946805336546e-05
2965	3.1967946805336546e-05
6075	3.1967946805336546e-05
4356	3.1967946805336546e-05
7363	3.1967946805336546e-05
4067	3.1967946805336546e-05
4066	3.1967946805336546e-05
4162	3.1967946805336546e-05
10438	3.1967946805336546e-05
4138	3.1967946805336546e-05
6030	3.1967946805336546e-05
7727	3.1967946805336546e-05
4089	3.1967946805336546e-05
1560	3.1967946805336546e-05
2259	3.1967946805336546e-05
11370	3.1967946805336546e-05
2316	3.1967946805336546e-05
1614	3.1967946805336546e-05
3491	3.1967946805336546e-05
2318	3.1967946805336546e-05
4719	3.1967946805336546e-05
1136	3.1967946805336546e-05
6008	3.1967946805336546e-05
10762	3.1967946805336546e-05
3837	3.1967946805336546e-05
59	3.1967946805336546e-05
7762	3.1967946805336546e-05
12784	3.1967946805336546e-05
1140	3.1967946805336546e-05
1335	3.1967946805336546e-05
4102	3.1967946805336546e-05
438	3.1967946805336546e-05
2180	3.1967946805336546e-05
11542	3.1967946805336546e-05
2319	3.1967946805336546e-05
3785	3.1967946805336546e-05
8217	3.1967946805336546e-05
10925	3.1967946805336546e-05
1070	3.1967946805336546e-05
4114	3.1967946805336546e-05
2500	3.1967946805336546e-05
4012	3.1967946805336546e-05
5940	3.1967946805336546e-05
7987	3.1967946805336546e-05
11395	3.1967946805336546e-05
11609	3.1967946805336546e-05
7447	3.1967946805336546e-05
3492	3.1967946805336546e-05
11497	3.1967946805336546e-05
8202	3.1967946805336546e-05
2884	3.1967946805336546e-05
729	3.1967946805336546e-05
4058	3.1967946805336546e-05
12785	3.1967946805336546e-05
4706	3.1967946805336546e-05
11166	3.1967946805336546e-05
3642	3.1967946805336546e-05
12435	3.1967946805336546e-05
5569	3.1967946805336546e-05
4325	3.1967946805336546e-05
2699	3.1967946805336546e-05
12335	3.1967946805336546e-05
3980	3.1967946805336546e-05
10737	3.1967946805336546e-05
879	3.1967946805336546e-05
4023	3.1967946805336546e-05
1133	3.1967946805336546e-05
1414	3.1967946805336546e-05
9569	3.1967946805336546e-05
1612	3.1967946805336546e-05
691	3.1967946805336546e-05
400	3.1967946805336546e-05
2207	3.1967946805336546e-05
4125	3.1967946805336546e-05
6526	3.1967946805336546e-05
5166	3.1967946805336546e-05
442	3.1967946805336546e-05
6500	3.1967946805336546e-05
10972	3.1967946805336546e-05
11182	3.1967946805336546e-05
1338	3.1967946805336546e-05
6956	3.1967946805336546e-05
10100	3.1967946805336546e-05
6236	3.1967946805336546e-05
3751	3.1967946805336546e-05
9668	3.1967946805336546e-05
1675	3.1967946805336546e-05
2768	3.1967946805336546e-05
2788	3.1967946805336546e-05
10959	3.1967946805336546e-05
10075	3.1967946805336546e-05
5869	3.1967946805336546e-05
3832	3.1967946805336546e-05
767	3.1967946805336546e-05
4121	3.1967946805336546e-05
2221	3.1967946805336546e-05
10495	3.1967946805336546e-05
5580	3.1967946805336546e-05
5547	3.1967946805336546e-05
4687	2.1311964536891007e-05
10678	2.1311964536891007e-05
9863	2.1311964536891007e-05
6586	2.1311964536891007e-05
6112	2.1311964536891007e-05
7009	2.1311964536891007e-05
1926	2.1311964536891007e-05
10271	2.1311964536891007e-05
4274	2.1311964536891007e-05
1299	2.1311964536891007e-05
1172	2.1311964536891007e-05
6327	2.1311964536891007e-05
4224	2.1311964536891007e-05
7166	2.1311964536891007e-05
4278	2.1311964536891007e-05
10477	2.1311964536891007e-05
2891	2.1311964536891007e-05
5541	2.1311964536891007e-05
3683	2.1311964536891007e-05
6119	2.1311964536891007e-05
4363	2.1311964536891007e-05
6456	2.1311964536891007e-05
10621	2.1311964536891007e-05
2986	2.1311964536891007e-05
3008	2.1311964536891007e-05
7629	2.1311964536891007e-05
4494	2.1311964536891007e-05
5508	2.1311964536891007e-05
446	2.1311964536891007e-05
4731	2.1311964536891007e-05
11087	2.1311964536891007e-05
12653	2.1311964536891007e-05
3702	2.1311964536891007e-05
4718	2.1311964536891007e-05
4534	2.1311964536891007e-05
11738	2.1311964536891007e-05
1097	2.1311964536891007e-05
3744	2.1311964536891007e-05
8288	2.1311964536891007e-05
2007	2.1311964536891007e-05
4455	2.1311964536891007e-05
1606	2.1311964536891007e-05
11961	2.1311964536891007e-05
3857	2.1311964536891007e-05
9606	2.1311964536891007e-05
5243	2.1311964536891007e-05
603	2.1311964536891007e-05
6616	2.1311964536891007e-05
4259	2.1311964536891007e-05
8247	2.1311964536891007e-05
3700	2.1311964536891007e-05
10436	2.1311964536891007e-05
5301	2.1311964536891007e-05
12110	2.1311964536891007e-05
11259	2.1311964536891007e-05
3826	2.1311964536891007e-05
11664	2.1311964536891007e-05
12029	2.1311964536891007e-05
1350	2.1311964536891007e-05
878	2.1311964536891007e-05
7971	2.1311964536891007e-05
12367	2.1311964536891007e-05
8246	2.1311964536891007e-05
5787	2.1311964536891007e-05
793	2.1311964536891007e-05
6095	2.1311964536891007e-05
10288	2.1311964536891007e-05
11945	2.1311964536891007e-05
4707	2.1311964536891007e-05
4313	2.1311964536891007e-05
4013	2.1311964536891007e-05
3047	2.1311964536891007e-05
7013	2.1311964536891007e-05
8797	2.1311964536891007e-05
11019	2.1311964536891007e-05
1654	2.1311964536891007e-05
4366	2.1311964536891007e-05
12414	2.1311964536891007e-05
9238	2.1311964536891007e-05
817	2.1311964536891007e-05
5504	2.1311964536891007e-05
4009	2.1311964536891007e-05
8625	2.1311964536891007e-05
10623	2.1311964536891007e-05
11414	2.1311964536891007e-05
4018	2.1311964536891007e-05
12032	2.1311964536891007e-05
6978	2.1311964536891007e-05
822	2.1311964536891007e-05
12451	2.1311964536891007e-05
3791	2.1311964536891007e-05
6092	2.1311964536891007e-05
11473	2.1311964536891007e-05
11826	2.1311964536891007e-05
5546	2.1311964536891007e-05
795	2.1311964536891007e-05
12547	2.1311964536891007e-05
4130	2.1311964536891007e-05
694	2.1311964536891007e-05
2213	2.1311964536891007e-05
11537	2.1311964536891007e-05
5235	2.1311964536891007e-05
1005	2.1311964536891007e-05
10537	2.1311964536891007e-05
3665	2.1311964536891007e-05
2675	2.1311964536891007e-05
4781	2.1311964536891007e-05
4118	2.1311964536891007e-05
580	2.1311964536891007e-05
8276	2.1311964536891007e-05
2193	2.1311964536891007e-05
11849	2.1311964536891007e-05
12772	2.1311964536891007e-05
10051	2.1311964536891007e-05
11862	2.1311964536891007e-05
278	2.1311964536891007e-05
752	2.1311964536891007e-05
2176	2.1311964536891007e-05
1685	2.1311964536891007e-05
12770	2.1311964536891007e-05
5394	2.1311964536891007e-05
8974	2.1311964536891007e-05
64	2.1311964536891007e-05
2023	2.1311964536891007e-05
1416	2.1311964536891007e-05
10228	2.1311964536891007e-05
2208	2.1311964536891007e-05
3286	2.1311964536891007e-05
8271	2.1311964536891007e-05
4310	2.1311964536891007e-05
6800	2.1311964536891007e-05
9868	2.1311964536891007e-05
811	2.1311964536891007e-05
9563	2.1311964536891007e-05
7850	2.1311964536891007e-05
4005	2.1311964536891007e-05
2796	2.1311964536891007e-05
1611	2.1311964536891007e-05
10062	2.1311964536891007e-05
12025	2.1311964536891007e-05
2630	2.1311964536891007e-05
9921	2.1311964536891007e-05
3944	2.1311964536891007e-05
818	2.1311964536891007e-05
1666	2.1311964536891007e-05
4316	2.1311964536891007e-05
3743	2.1311964536891007e-05
6793	2.1311964536891007e-05
356	2.1311964536891007e-05
10814	2.1311964536891007e-05
10662	2.1311964536891007e-05
3961	2.1311964536891007e-05
5172	2.1311964536891007e-05
4612	2.1311964536891007e-05
113	2.1311964536891007e-05
2841	2.1311964536891007e-05
3040	2.1311964536891007e-05
6775	2.1311964536891007e-05
7573	2.1311964536891007e-05
4132	2.1311964536891007e-05
7055	2.1311964536891007e-05
4590	2.1311964536891007e-05
2731	2.1311964536891007e-05
3906	2.1311964536891007e-05
593	2.1311964536891007e-05
4289	2.1311964536891007e-05
1953	2.1311964536891007e-05
8235	2.1311964536891007e-05
4287	2.1311964536891007e-05
2876	2.1311964536891007e-05
1010	2.1311964536891007e-05
3317	2.1311964536891007e-05
3021	2.1311964536891007e-05
6291	2.1311964536891007e-05
432	2.1311964536891007e-05
4106	2.1311964536891007e-05
417	2.1311964536891007e-05
2262	2.1311964536891007e-05
7634	2.1311964536891007e-05
2817	2.1311964536891007e-05
12551	2.1311964536891007e-05
5757	2.1311964536891007e-05
1417	2.1311964536891007e-05
3016	2.1311964536891007e-05
2008	2.1311964536891007e-05
8164	2.1311964536891007e-05
10243	2.1311964536891007e-05
10078	1.0655982268445492e-05
10485	1.0655982268445492e-05
8335	1.0655982268445492e-05
3763	1.0655982268445492e-05
43	1.0655982268445492e-05
87	1.0655982268445492e-05
7667	1.0655982268445492e-05
5659	1.0655982268445492e-05
7996	1.0655982268445492e-05
2959	1.0655982268445492e-05
5595	1.0655982268445492e-05
6734	1.0655982268445492e-05
6121	1.0655982268445492e-05
1982	1.0655982268445492e-05
10165	1.0655982268445492e-05
9891	1.0655982268445492e-05
1206	1.0655982268445492e-05
2714	1.0655982268445492e-05
11857	1.0655982268445492e-05
2999	1.0655982268445492e-05
2134	1.0655982268445492e-05
10209	1.0655982268445492e-05
9575	1.0655982268445492e-05
2942	1.0655982268445492e-05
5770	1.0655982268445492e-05
4277	1.0655982268445492e-05
1181	1.0655982268445492e-05
7337	1.0655982268445492e-05
4326	1.0655982268445492e-05
411	1.0655982268445492e-05
9918	1.0655982268445492e-05
885	1.0655982268445492e-05
10041	1.0655982268445492e-05
6173	1.0655982268445492e-05
8245	1.0655982268445492e-05
3991	1.0655982268445492e-05
7628	1.0655982268445492e-05
3015	1.0655982268445492e-05
299	1.0655982268445492e-05
4006	1.0655982268445492e-05
10415	1.0655982268445492e-05
709	1.0655982268445492e-05
4107	1.0655982268445492e-05
886	1.0655982268445492e-05
9224	1.0655982268445492e-05
11726	1.0655982268445492e-05
10715	1.0655982268445492e-05
89	1.0655982268445492e-05
3652	1.0655982268445492e-05
3128	1.0655982268445492e-05
5507	1.0655982268445492e-05
2795	1.0655982268445492e-05
2712	1.0655982268445492e-05
1433	1.0655982268445492e-05
2852	1.0655982268445492e-05
279	1.0655982268445492e-05
7042	1.0655982268445492e-05
5728	1.0655982268445492e-05
5709	1.0655982268445492e-05
5286	1.0655982268445492e-05
1792	1.0655982268445492e-05
5683	1.0655982268445492e-05
469	1.0655982268445492e-05
12821	1.0655982268445492e-05
2832	1.0655982268445492e-05
3862	1.0655982268445492e-05
12007	1.0655982268445492e-05
4160	1.0655982268445492e-05
305	1.0655982268445492e-05
5495	1.0655982268445492e-05
12456	1.0655982268445492e-05
3668	1.0655982268445492e-05
58	1.0655982268445492e-05
327	1.0655982268445492e-05
7602	1.0655982268445492e-05
1515	1.0655982268445492e-05
10483	1.0655982268445492e-05
6579	1.0655982268445492e-05
1012	1.0655982268445492e-05
10152	1.0655982268445492e-05
3496	1.0655982268445492e-05
724	1.0655982268445492e-05
8510	1.0655982268445492e-05
1193	1.0655982268445492e-05
3423	1.0655982268445492e-05
1743	1.0655982268445492e-05
9524	1.0655982268445492e-05
5611	1.0655982268445492e-05
7541	1.0655982268445492e-05
6416	1.0655982268445492e-05
11761	1.0655982268445492e-05
5302	1.0655982268445492e-05
9919	1.0655982268445492e-05
9146	1.0655982268445492e-05
882	1.0655982268445492e-05
2780	1.0655982268445492e-05
9898	1.0655982268445492e-05
10160	1.0655982268445492e-05
5285	1.0655982268445492e-05
3046	1.0655982268445492e-05
5393	1.0655982268445492e-05
11550	1.0655982268445492e-05
1287	1.0655982268445492e-05
11840	1.0655982268445492e-05
11548	1.0655982268445492e-05
2824	1.0655982268445492e-05
70	1.0655982268445492e-05
2248	1.0655982268445492e-05
7631	1.0655982268445492e-05
10481	1.0655982268445492e-05
5028	1.0655982268445492e-05
3740	1.0655982268445492e-05
65	1.0655982268445492e-05
4804	1.0655982268445492e-05
5685	1.0655982268445492e-05
1503	1.0655982268445492e-05
9412	1.0655982268445492e-05
11085	1.0655982268445492e-05
8153	1.0655982268445492e-05
2171	1.0655982268445492e-05
2189	1.0655982268445492e-05
1130	1.0655982268445492e-05
11654	1.0655982268445492e-05
606	1.0655982268445492e-05
10738	1.0655982268445492e-05
5300	1.0655982268445492e-05
816	1.0655982268445492e-05
774	1.0655982268445492e-05
2136	1.0655982268445492e-05
3756	1.0655982268445492e-05
4430	1.0655982268445492e-05
5245	1.0655982268445492e-05
6851	1.0655982268445492e-05
66	1.0655982268445492e-05
11376	1.0655982268445492e-05
8120	1.0655982268445492e-05
682	1.0655982268445492e-05
2289	1.0655982268445492e-05
2315	1.0655982268445492e-05
3653	1.0655982268445492e-05
1810	1.0655982268445492e-05
7542	1.0655982268445492e-05
6801	1.0655982268445492e-05
1048	1.0655982268445492e-05
6002	1.0655982268445492e-05
2848	1.0655982268445492e-05
11803	1.0655982268445492e-05
7951	1.0655982268445492e-05
8344	1.0655982268445492e-05
6694	1.0655982268445492e-05
1677	1.0655982268445492e-05
148	1.0655982268445492e-05
9936	1.0655982268445492e-05
11171	1.0655982268445492e-05
11707	1.0655982268445492e-05
8352	1.0655982268445492e-05
6712	1.0655982268445492e-05
7448	1.0655982268445492e-05
1191	1.0655982268445492e-05
2504	1.0655982268445492e-05
7878	1.0655982268445492e-05
3004	1.0655982268445492e-05
4377	1.0655982268445492e-05
1613	1.0655982268445492e-05
3398	1.0655982268445492e-05
3034	1.0655982268445492e-05
257	1.0655982268445492e-05
5035	1.0655982268445492e-05
4724	1.0655982268445492e-05
11847	1.0655982268445492e-05
8734	1.0655982268445492e-05
3078	1.0655982268445492e-05
11608	1.0655982268445492e-05
4814	1.0655982268445492e-05
7416	1.0655982268445492e-05
1078	1.0655982268445492e-05
11892	1.0655982268445492e-05
4725	1.0655982268445492e-05
12501	1.0655982268445492e-05
5505	1.0655982268445492e-05
7459	1.0655982268445492e-05
63	1.0655982268445492e-05
12440	1.0655982268445492e-05
10069	1.0655982268445492e-05
11207	1.0655982268445492e-05
11536	1.0655982268445492e-05
81	1.0655982268445492e-05
12217	1.0655982268445492e-05
60	1.0655982268445492e-05
10202	1.0655982268445492e-05
1419	1.0655982268445492e-05
4051	1.0655982268445492e-05
3007	1.0655982268445492e-05
67	1.0655982268445492e-05
306	1.0655982268445492e-05
264	1.0655982268445492e-05
12916	1.0655982268445492e-05
5949	1.0655982268445492e-05
10272	1.0655982268445492e-05
11611	1.0655982268445492e-05
1020	1.0655982268445492e-05
9551	1.0655982268445492e-05
3684	1.0655982268445492e-05
4995	1.0655982268445492e-05
12808	1.0655982268445492e-05
9942	1.0655982268445492e-05
12550	1.0655982268445492e-05
6853	1.0655982268445492e-05
11549	1.0655982268445492e-05
7209	1.0655982268445492e-05
42	1.0655982268445492e-05
8392	1.0655982268445492e-05
82	1.0655982268445492e-05
4042	1.0655982268445492e-05
660	1.0655982268445492e-05
10413	1.0655982268445492e-05
3786	1.0655982268445492e-05
4043	1.0655982268445492e-05
7327	1.0655982268445492e-05
12584	1.0655982268445492e-05
7071	1.0655982268445492e-05
5472	1.0655982268445492e-05
379	1.0655982268445492e-05
1376	1.0655982268445492e-05
6453	1.0655982268445492e-05
71	1.0655982268445492e-05
5395	1.0655982268445492e-05
9440	1.0655982268445492e-05
535	1.0655982268445492e-05
2212	1.0655982268445492e-05
1741	1.0655982268445492e-05
5658	1.0655982268445492e-05
12702	1.0655982268445492e-05
12419	1.0655982268445492e-05
12474	1.0655982268445492e-05
10244	1.0655982268445492e-05
11631	1.0655982268445492e-05
11575	1.0655982268445492e-05
1567	1.0655982268445492e-05
3486	1.0655982268445492e-05
1745	1.0655982268445492e-05
2923	1.0655982268445492e-05
3033	1.0655982268445492e-05
11865	1.0655982268445492e-05
9941	1.0655982268445492e-05
8156	1.0655982268445492e-05
3475	1.0655982268445492e-05
6132	1.0655982268445492e-05
5075	1.0655982268445492e-05
5335	1.0655982268445492e-05
2640	1.0655982268445492e-05
8835	1.0655982268445492e-05
2317	1.0655982268445492e-05
3876	1.0655982268445492e-05
8328	1.0655982268445492e-05
10031	1.0655982268445492e-05
2003	1.0655982268445492e-05
4594	1.0655982268445492e-05
5414	1.0655982268445492e-05
12150	1.0655982268445492e-05
3470	1.0655982268445492e-05
7970	1.0655982268445492e-05
7905	1.0655982268445492e-05
250	1.0655982268445492e-05
2779	1.0655982268445492e-05
1360	1.0655982268445492e-05
4148	1.0655982268445492e-05
6005	1.0655982268445492e-05
670	1.0655982268445492e-05
9144	1.0655982268445492e-05
2065	1.0655982268445492e-05
1412	1.0655982268445492e-05
5015	1.0655982268445492e-05
7823	1.0655982268445492e-05
8310	1.0655982268445492e-05
12444	1.0655982268445492e-05
9840	1.0655982268445492e-05
720	1.0655982268445492e-05
4758	1.0655982268445492e-05
12454	1.0655982268445492e-05
6452	1.0655982268445492e-05
1018	1.0655982268445492e-05
4086	1.0655982268445492e-05
772	1.0655982268445492e-05
5101	1.0655982268445492e-05
3628	1.0655982268445492e-05
6498	1.0655982268445492e-05
9237	1.0655982268445492e-05
10178	1.0655982268445492e-05
72	1.0655982268445492e-05
3742	1.0655982268445492e-05
8216	1.0655982268445492e-05
12800	1.0655982268445492e-05
12736	1.0655982268445492e-05
4084	1.0655982268445492e-05
11422	1.0655982268445492e-05
758	1.0655982268445492e-05
1167	1.0655982268445492e-05
4405	1.0655982268445492e-05
6266	1.0655982268445492e-05
10750	1.0655982268445492e-05
2734	1.0655982268445492e-05
3000	1.0655982268445492e-05
94	1.0655982268445492e-05
3481	1.0655982268445492e-05
4218	1.0655982268445492e-05
11324	1.0655982268445492e-05
3088	1.0655982268445492e-05
2631	1.0655982268445492e-05
6152	1.0655982268445492e-05
4367	1.0655982268445492e-05
7689	1.0655982268445492e-05
7311	1.0655982268445492e-05
7953	1.0655982268445492e-05
2706	1.0655982268445492e-05
12024	1.0655982268445492e-05
1662	1.0655982268445492e-05
11621	1.0655982268445492e-05
10324	1.0655982268445492e-05
5873	1.0655982268445492e-05
4149	1.0655982268445492e-05
9033	1.0655982268445492e-05
10877	1.0655982268445492e-05
6174	1.0655982268445492e-05
2982	1.0655982268445492e-05
2889	1.0655982268445492e-05
12810	1.0655982268445492e-05
11742	1.0655982268445492e-05
12668	1.0655982268445492e-05
12478	1.0655982268445492e-05
3039	1.0655982268445492e-05
12112	1.0655982268445492e-05
11442	1.0655982268445492e-05
9445	1.0655982268445492e-05
3741	1.0655982268445492e-05
7512	1.0655982268445492e-05
9839	1.0655982268445492e-05
472	1.0655982268445492e-05
685	1.0655982268445492e-05
2663	1.0655982268445492e-05
756	1.0655982268445492e-05
1838	1.0655982268445492e-05
2126	1.0655982268445492e-05
1437	1.0655982268445492e-05
12794	1.0655982268445492e-05
7054	1.0655982268445492e-05
6797	1.0655982268445492e-05
12019	1.0655982268445492e-05
11547	1.0655982268445492e-05
11616	1.0655982268445492e-05
